-1e-11
1e-11
3e-11
5e-11
7e-11
9e-11
1.1e-10
1.3e-10
1.5e-10
1.7e-10
1.9e-10
2.1e-10
2.3e-10
2.5e-10
2.7e-10
2.9e-10
3.1e-10
3.3e-10
3.5e-10
3.7e-10
3.9e-10
4.1e-10
4.3e-10
4.5e-10
4.7e-10
4.9e-10
5.1e-10
5.3e-10
5.5e-10
5.7e-10
5.9e-10
6.1e-10
6.3e-10
6.5e-10
6.7e-10
6.9e-10
7.1e-10
7.3e-10
7.5e-10
7.7e-10
7.9e-10
8.1e-10
8.3e-10
8.5e-10
8.7e-10
8.9e-10
9.1e-10
9.3e-10
9.5e-10
9.7e-10
9.9e-10
1.01e-09
1.03e-09
1.05e-09
1.07e-09
1.09e-09
1.11e-09
1.13e-09
1.15e-09
1.17e-09
1.19e-09
1.21e-09
1.23e-09
1.25e-09
1.27e-09
1.29e-09
1.31e-09
1.33e-09
1.35e-09
1.37e-09
1.39e-09
1.41e-09
1.43e-09
1.45e-09
1.47e-09
1.49e-09
1.51e-09
1.53e-09
1.55e-09
1.57e-09
1.59e-09
1.61e-09
1.63e-09
1.65e-09
1.67e-09
1.69e-09
1.71e-09
1.73e-09
1.75e-09
1.77e-09
1.79e-09
1.81e-09
1.83e-09
1.85e-09
1.87e-09
1.89e-09
1.91e-09
1.93e-09
1.95e-09
1.97e-09
1.99e-09
2.01e-09
2.03e-09
2.05e-09
2.07e-09
2.09e-09
2.11e-09
2.13e-09
2.15e-09
2.17e-09
2.19e-09
2.21e-09
2.23e-09
2.25e-09
2.27e-09
2.29e-09
2.31e-09
2.33e-09
2.35e-09
2.37e-09
2.39e-09
2.41e-09
2.43e-09
2.45e-09
2.47e-09
2.49e-09
2.51e-09
2.53e-09
2.55e-09
2.57e-09
2.59e-09
2.61e-09
2.63e-09
2.65e-09
2.67e-09
2.69e-09
2.71e-09
2.73e-09
2.75e-09
2.77e-09
2.79e-09
2.81e-09
2.83e-09
2.85e-09
2.87e-09
2.89e-09
2.91e-09
2.93e-09
2.95e-09
2.97e-09
2.99e-09
3.01e-09
3.03e-09
3.05e-09
3.07e-09
3.09e-09
3.11e-09
3.13e-09
3.15e-09
3.17e-09
3.19e-09
3.21e-09
3.23e-09
3.25e-09
3.27e-09
3.29e-09
3.31e-09
3.33e-09
3.35e-09
3.37e-09
3.39e-09
3.41e-09
3.43e-09
3.45e-09
3.47e-09
3.49e-09
3.51e-09
3.53e-09
3.55e-09
3.57e-09
3.59e-09
3.61e-09
3.63e-09
3.65e-09
3.67e-09
3.69e-09
3.71e-09
3.73e-09
3.75e-09
3.77e-09
3.79e-09
3.81e-09
3.83e-09
3.85e-09
3.87e-09
3.89e-09
3.91e-09
3.93e-09
3.95e-09
3.97e-09
3.99e-09
4.01e-09
